20

29
0 6: 6 10 22 23 26 26
1 3: 8 18 27
2 8: 4 7 11 14 16 24 25 28
3 4: 9 13 15 21
4 9: 2 5 7 11 14 16 17 20 28
5 11: 4 7 14 16 17 20 24 25 28 9 13
6 4: 10 22 23 26
7 9: 2 4 5 11 14 17 20 24 28
8 3: 1 18 27
9 3: 3 13 21
10 4: 0 6 22 26
11 8: 2 5 7 16 17 20 24 28
12 1: 19
13 3: 9 15 21
14 11: 4 5 7 11 16 17 24 25 28 16 0
15 4: 3 13 21 20
16 7: 5 7 11 14 17 24 28
17 10: 2 4 5 7 11 14 16 20 25 28
18 2: 1 27
19 2: 12 14
20 8: 2 4 5 14 16 17 24 25
21 4: 3 9 13 15
22 4: 0 10 23 26
23 2: 0 26
24 10: 2 4 5 7 14 16 17 20 28 4
25 11: 2 4 5 7 11 14 16 17 20 24 28
26 6: 0 6 10 22 23 23
27 1: 1
28 9: 2 4 5 7 11 14 20 24 25

20
0 3: 1 15 19
1 3: 0 15 19
2 0: 
3 2: 9 4
4 3: 13 16 1
5 2: 19 14
6 3: 10 12 14
7 2: 11 17
8 1: 5
9 1: 3
10 3: 6 12 18
11 2: 7 17
12 3: 10 14 18
13 1: 16
14 5: 6 10 12 18 17
15 2: 0 19
16 2: 13 12
17 3: 7 11 17
18 2: 6 10
19 2: 0 15

32
0 0: 
1 5: 2 8 17 23 11
2 5: 1 8 17 23 29
3 2: 11 4
4 0: 
5 4: 9 22 28 8
6 0: 
7 2: 12 5
8 3: 1 2 1
9 3: 5 22 28
10 0: 
11 1: 3
12 1: 7
13 2: 10 2
14 0: 
15 2: 18 29
16 0: 
17 4: 1 2 23 2
18 2: 15 13
19 0: 
20 0: 
21 2: 3 11
22 5: 5 9 28 25 0
23 4: 1 2 8 17
24 0: 
25 1: 31
26 4: 25 31 31 27
27 0: 
28 3: 5 9 22
29 1: 16
30 0: 
31 1: 25

35
0 2: 27 16
1 1: 11
2 1: 27
3 4: 1 11 24 0
4 2: 6 13
5 2: 16 19
6 2: 4 13
7 2: 15 21
8 4: 9 19 20 22
9 4: 8 20 6 8
10 2: 30 31
11 1: 3
12 1: 23
13 2: 4 6
14 2: 29 34
15 2: 7 18
16 1: 5
17 2: 32 33
18 0: 
19 5: 8 9 20 22 21
20 3: 8 9 19
21 3: 7 15 5
22 4: 8 9 19 20
23 2: 12 25
24 1: 27
25 3: 12 23 14
26 3: 17 32 33
27 2: 0 2
28 1: 27
29 2: 14 34
30 2: 10 10
31 3: 10 30 31
32 1: 17
33 4: 17 26 13 27
34 3: 14 29 22

35
0 2: 10 11
1 2: 15 31
2 2: 10 11
3 5: 5 6 13 23 28
4 3: 19 20 32
5 5: 3 6 22 23 28
6 4: 5 13 23 28
7 2: 16 18
8 2: 14 33
9 6: 17 21 25 27 30 34
10 2: 0 11
11 4: 0 2 10 20
12 2: 29 9
13 6: 3 5 6 22 23 12
14 2: 8 33
15 1: 1
16 2: 7 18
17 4: 25 27 30 34
18 2: 7 16
19 3: 4 20 32
20 3: 4 19 32
21 6: 9 17 25 27 34 5
22 7: 3 5 6 13 23 28 3
23 5: 3 6 13 28 1
24 1: 8
25 6: 9 17 21 27 30 34
26 1: 9
27 5: 9 17 21 25 30
28 5: 3 5 13 22 23
29 2: 12 0
30 5: 9 17 21 25 27
31 2: 1 15
32 3: 4 19 20
33 1: 14
34 7: 9 17 21 25 27 30 23

26
0 5: 3 5 6 22 24
1 4: 2 11 14 19
2 5: 1 11 14 15 19
3 5: 0 5 6 22 24
4 2: 20 25
5 4: 0 3 22 24
6 2: 3 24
7 3: 8 13 18
8 2: 7 13
9 1: 4
10 0: 
11 3: 1 2 14
12 1: 10
13 3: 7 8 18
14 4: 1 2 15 19
15 5: 1 2 11 14 19
16 0: 
17 1: 23
18 3: 7 8 13
19 3: 2 14 15
20 2: 4 25
21 0: 
22 3: 5 6 24
23 1: 17
24 5: 0 3 5 3 12
25 2: 4 20

36
0 1: 35
1 1: 23
2 2: 21 28
3 1: 19
4 5: 6 9 18 25 35
5 3: 14 30 34
6 3: 4 9 25
7 2: 15 20
8 0: 
9 5: 4 6 18 25 8
10 3: 16 28 32
11 0: 
12 0: 
13 0: 
14 4: 5 30 34 2
15 2: 7 20
16 1: 11
17 1: 21
18 2: 6 9
19 1: 11
20 4: 7 15 30 11
21 1: 2
22 1: 13
23 0: 
24 2: 1 15
25 4: 4 6 9 18
26 2: 12 17
27 2: 24 11
28 3: 16 32 20
29 2: 31 22
30 2: 5 14
31 1: 29
32 2: 16 28
33 0: 
34 3: 14 30 23
35 1: 0

31
0 0: 
1 15: 3 5 9 11 12 13 14 16 17 20 22 24 26 29 30
2 2: 15 25
3 16: 1 5 6 8 9 11 12 13 14 16 17 18 22 24 26 29
4 0: 
5 14: 1 3 6 8 11 12 14 16 17 18 20 26 29 30
6 16: 3 5 8 11 12 13 14 16 17 18 20 22 24 26 29 2
7 2: 21 23
8 16: 1 3 5 6 9 12 13 14 16 20 22 24 26 29 30 17
9 18: 1 3 5 6 8 11 12 13 14 16 17 18 20 22 24 26 29 30
10 0: 
11 16: 1 3 5 6 8 9 12 13 14 16 18 20 24 26 29 30
12 13: 1 3 6 8 9 14 16 17 18 20 22 26 30
13 12: 1 8 11 12 16 17 18 24 26 29 30 13
14 12: 3 5 6 8 9 11 13 20 24 26 29 30
15 2: 2 25
16 15: 3 5 6 8 9 11 12 14 17 18 20 22 24 26 30
17 18: 1 3 5 6 8 9 11 12 13 14 16 18 20 22 24 26 29 30
18 17: 1 3 5 8 9 11 12 13 14 16 17 20 22 24 26 29 30
19 0: 
20 13: 3 9 11 12 13 16 17 18 22 24 26 29 30
21 3: 7 23 15
22 16: 1 3 6 8 9 11 12 13 14 16 17 18 20 24 29 30
23 2: 7 21
24 13: 1 5 6 8 12 13 14 16 17 18 20 22 29
25 2: 2 29
26 15: 3 5 6 8 9 11 12 13 14 16 17 20 22 24 19
27 2: 4 30
28 1: 19
29 14: 1 3 5 8 9 11 12 13 14 16 18 20 24 26
30 16: 1 3 5 6 8 9 11 12 13 16 18 20 22 24 29 2

39
0 0: 
1 1: 17
2 3: 10 20 1
3 0: 
4 1: 5
5 2: 4 7
6 1: 1
7 2: 4 5
8 4: 15 27 16 14
9 1: 13
10 1: 20
11 3: 33 34 34
12 0: 
13 1: 9
14 4: 18 22 25 17
15 1: 8
16 1: 12
17 4: 1 6 21 14
18 5: 14 22 25 28 8
19 1: 29
20 1: 10
21 1: 37
22 3: 14 18 28
23 0: 
24 1: 3
25 4: 14 22 28 26
26 0: 
27 3: 15 19 1
28 4: 14 18 22 25
29 2: 19 5
30 0: 
31 2: 26 9
32 2: 0 37
33 2: 11 11
34 4: 11 33 19 32
35 0: 
36 1: 31
37 2: 21 30
38 0: 

30
0 8: 2 3 9 10 17 19 23 27
1 0: 
2 8: 3 5 9 10 17 19 27 28
3 11: 0 2 5 9 10 17 18 19 23 27 28
4 3: 13 15 20
5 8: 0 2 3 17 18 23 27 26
6 0: 
7 1: 7
8 0: 
9 9: 0 2 5 10 17 19 23 27 28
10 9: 0 3 9 17 18 19 23 27 28
11 0: 
12 3: 29 14 11
13 3: 4 15 20
14 0: 
15 2: 4 20
16 1: 24
17 10: 2 3 5 9 10 18 19 23 27 28
18 10: 2 3 5 9 10 17 19 23 27 28
19 9: 0 2 3 5 9 10 18 23 27
20 4: 4 13 15 23
21 0: 
22 3: 12 29 14
23 10: 2 3 5 9 10 17 18 19 27 28
24 1: 16
25 1: 3
26 0: 
27 10: 0 2 3 5 9 10 17 18 19 28
28 9: 0 2 3 5 10 17 18 19 27
29 2: 12 22

38
0 9: 3 8 14 19 26 27 36 37 7
1 3: 11 20 23
2 2: 35 23
3 5: 8 27 30 31 36
4 11: 7 9 10 12 16 18 21 28 32 33 11
5 3: 2 6 35
6 3: 2 5 35
7 13: 4 9 10 12 15 16 18 21 24 28 32 33 14
8 8: 0 3 14 19 26 27 30 36
9 9: 4 10 12 15 16 18 24 28 33
10 9: 4 9 12 15 16 24 32 33 12
11 2: 1 25
12 11: 4 7 9 10 15 16 18 21 28 32 33
13 3: 25 29 34
14 11: 0 3 8 19 26 30 31 36 37 22 26
15 9: 4 7 9 10 12 24 28 32 33
16 10: 4 7 9 10 12 15 18 21 24 33
17 0: 
18 12: 4 9 10 12 15 16 21 24 28 32 33 23
19 9: 0 3 8 14 27 30 31 36 37
20 3: 1 11 23
21 9: 4 7 10 12 15 16 28 32 33
22 1: 17
23 3: 1 11 20
24 11: 4 7 9 10 12 15 16 18 21 28 33
25 3: 13 34 2
26 9: 0 8 14 19 27 30 31 37 23
27 7: 0 3 14 19 26 30 36
28 9: 4 9 10 12 15 16 18 32 33
29 2: 25 34
30 10: 0 3 8 14 19 26 27 31 36 37
31 12: 0 3 8 14 19 26 27 30 36 37 16 3
32 10: 4 7 9 12 15 16 18 21 24 33
33 9: 7 9 10 12 15 16 18 24 28
34 2: 13 25
35 3: 2 5 6
36 7: 0 3 8 19 26 27 30
37 8: 0 3 8 19 26 27 31 36

23
0 4: 7 15 16 8
1 4: 11 17 19 9
2 0: 
3 3: 21 22 21
4 3: 14 18 6
5 1: 6
6 0: 
7 2: 0 15
8 2: 10 10
9 1: 10
10 2: 8 20
11 3: 1 17 19
12 0: 
13 3: 11 17 19
14 2: 4 18
15 3: 0 7 16
16 2: 7 15
17 4: 1 13 19 15
18 2: 4 14
19 3: 11 13 17
20 2: 21 22
21 2: 3 20
22 1: 3

25
0 15: 2 4 5 6 7 9 12 14 15 16 17 18 19 20 24
1 1: 22
2 15: 0 5 6 7 8 9 11 12 13 15 16 17 18 20 23
3 4: 1 21 22 23
4 16: 0 2 5 6 8 11 12 13 14 15 17 18 19 23 24 21
5 17: 0 2 4 6 7 8 9 11 12 13 14 15 16 17 19 23 24
6 14: 0 2 7 9 11 12 14 15 16 18 19 20 23 24
7 16: 0 2 4 5 6 8 9 11 12 13 14 16 19 20 23 24
8 17: 0 2 4 5 6 7 9 11 12 13 14 15 16 17 18 19 20
9 14: 0 2 4 6 7 12 13 14 15 19 20 23 24 18
10 3: 1 3 22
11 15: 0 4 6 8 9 12 13 14 15 16 17 18 19 20 23
12 14: 0 2 5 6 7 8 13 14 15 16 17 18 20 24
13 10: 2 4 6 9 11 12 15 16 17 24
14 13: 2 4 7 8 9 12 13 15 16 17 19 20 24
15 16: 0 2 4 6 7 8 9 11 12 13 14 16 17 18 20 23
16 15: 0 2 4 5 7 8 9 11 12 13 17 18 19 20 24
17 15: 0 2 4 5 6 8 9 11 12 13 14 15 16 23 24
18 16: 0 2 4 5 7 8 9 11 12 14 15 16 17 20 23 24
19 17: 2 4 5 6 7 8 9 11 12 13 14 15 16 18 20 23 24
20 15: 0 2 4 5 6 7 11 12 13 15 16 17 18 19 24
21 2: 1 3
22 4: 1 3 10 21
23 14: 0 2 4 6 7 8 9 11 12 13 14 16 19 24
24 12: 0 2 5 6 7 8 9 13 15 17 18 23

24
0 3: 5 21 23
1 5: 8 13 15 18 20
2 7: 1 8 13 14 17 18 20
3 1: 4
4 2: 3 7
5 3: 0 21 23
6 4: 7 11 16 19
7 6: 6 11 12 16 19 16
8 6: 1 2 13 15 17 20
9 1: 10
10 2: 9 20
11 5: 6 7 19 18 19
12 4: 7 16 19 22
13 8: 1 2 8 15 17 18 20 16
14 6: 1 8 13 15 17 20
15 7: 1 2 8 13 14 18 20
16 5: 7 11 12 19 22
17 8: 1 2 8 13 14 15 18 20
18 8: 1 2 8 13 14 15 17 20
19 5: 6 7 11 12 22
20 5: 8 13 14 15 17
21 3: 0 5 23
22 6: 6 7 11 12 16 19
23 3: 0 5 21

38
0 2: 9 28
1 9: 2 3 5 7 15 21 22 23 32
2 11: 1 3 7 15 17 18 21 22 23 31 33
3 12: 1 2 5 7 15 17 18 21 23 31 32 33
4 1: 35
5 10: 2 3 7 17 21 22 23 31 32 7
6 3: 19 20 25
7 6: 1 3 17 18 21 33
8 1: 12
9 3: 16 28 35
10 1: 37
11 2: 27 7
12 0: 
13 1: 2
14 2: 11 27
15 13: 1 2 3 5 7 17 18 21 22 23 31 33 30
16 3: 0 9 28
17 9: 3 5 7 15 18 21 23 31 32
18 8: 1 3 7 15 22 23 31 33
19 5: 6 20 25 26 31
20 3: 6 25 26
21 10: 2 3 5 7 18 22 23 31 33 22
22 10: 1 2 5 15 17 18 21 23 31 32
23 8: 1 2 3 7 18 22 32 33
24 1: 35
25 3: 6 19 20
26 4: 6 19 20 25
27 3: 11 14 26
28 6: 0 9 16 30 2 33
29 2: 36 4
30 1: 12
31 9: 2 3 5 7 15 18 21 32 33
32 10: 1 3 5 7 17 21 22 23 31 33
33 11: 1 2 5 7 15 17 18 21 22 31 32
34 1: 36
35 2: 24 8
36 1: 29
37 1: 10

38
0 6: 2 6 10 26 36 0
1 5: 2 6 10 36 31
2 5: 1 6 10 24 36
3 1: 9
4 3: 23 31 33
5 2: 11 29
6 5: 0 1 2 26 36
7 1: 18
8 2: 30 37
9 1: 3
10 7: 0 1 24 26 36 32 23
11 3: 5 12 29
12 3: 5 11 29
13 0: 
14 2: 15 16
15 2: 14 16
16 2: 15 1
17 2: 13 26
18 2: 7 36
19 0: 
20 3: 4 23 33
21 0: 
22 1: 27
23 3: 4 31 33
24 6: 1 2 6 10 26 36
25 5: 4 20 23 31 33
26 5: 0 2 10 24 36
27 1: 28
28 2: 22 27
29 3: 5 11 12
30 1: 37
31 5: 4 20 23 25 33
32 0: 
33 6: 4 20 23 25 31 9
34 0: 
35 1: 17
36 8: 0 1 2 6 10 24 26 17
37 2: 8 30

36
0 11: 3 4 11 12 15 16 17 20 21 22 26
1 7: 5 8 9 24 27 29 32
2 2: 6 30
3 10: 0 4 11 12 15 17 20 21 22 26
4 9: 0 11 12 15 16 17 20 21 26
5 5: 8 9 27 29 32
6 3: 2 30 31
7 1: 13
8 5: 1 5 24 27 29
9 6: 1 5 8 24 27 29
10 9: 18 19 23 25 28 33 35 26 34
11 10: 0 4 12 15 16 17 20 21 22 26
12 12: 0 3 11 15 16 17 20 21 22 26 25 35
13 2: 7 34
14 8: 10 18 19 23 25 28 33 35
15 9: 3 4 11 12 16 17 20 21 26
16 8: 0 3 4 12 20 21 22 31
17 6: 12 15 16 20 21 26
18 9: 10 14 19 23 25 28 33 35 6
19 8: 10 14 18 23 25 28 33 35
20 7: 0 4 15 17 21 22 26
21 10: 0 3 11 12 15 16 17 20 22 26
22 11: 0 3 4 11 12 15 16 17 20 21 26
23 7: 10 14 18 19 25 28 35
24 5: 1 5 8 9 29
25 8: 10 14 18 19 23 28 33 35
26 8: 0 4 11 15 16 17 22 5
27 8: 1 5 8 9 24 29 32 7
28 6: 18 19 23 25 33 35
29 5: 1 5 8 9 24
30 2: 2 6
31 3: 6 30 10
32 5: 1 5 8 24 27
33 8: 10 14 18 19 23 25 28 35
34 2: 7 13
35 6: 14 18 19 23 33 11

32
0 16: 1 3 4 7 11 12 16 17 18 19 23 24 28 29 30 31
1 9: 0 4 7 12 16 19 23 28 29
2 7: 5 9 10 13 14 15 20
3 15: 0 1 4 6 7 11 12 17 18 19 23 24 29 30 31
4 14: 0 1 3 6 11 12 16 17 18 19 23 24 28 30
5 7: 2 8 9 10 13 15 22
6 14: 0 1 3 4 7 11 12 16 17 23 24 29 30 31
7 15: 0 3 6 11 12 16 17 18 19 23 24 28 29 30 31
8 7: 2 10 13 14 15 20 22
9 8: 2 5 8 10 14 15 20 22
10 5: 5 9 14 15 22
11 15: 0 1 3 4 6 12 16 18 19 24 28 29 30 31 24
12 12: 1 4 6 7 16 17 18 19 24 28 29 31
13 9: 2 5 8 9 10 14 15 20 22
14 5: 5 8 9 10 13
15 7: 2 8 10 13 14 20 22
16 16: 0 1 3 4 6 11 12 18 19 23 24 28 29 30 31 1
17 16: 0 1 3 4 6 7 11 12 16 19 23 24 28 29 30 31
18 15: 0 1 3 4 6 7 11 12 17 19 23 28 29 30 31
19 13: 0 1 3 4 6 7 11 16 23 24 29 30 31
20 7: 5 9 10 14 15 22 22
21 4: 25 27 16 28
22 7: 2 8 10 13 15 20 30
23 16: 0 1 3 4 6 7 11 12 16 17 18 19 28 29 30 31
24 14: 1 3 4 7 11 12 16 18 19 23 28 29 30 31
25 3: 21 26 27
26 1: 20
27 3: 21 25 26
28 14: 0 1 3 4 6 11 12 16 17 18 19 23 24 30
29 16: 0 3 4 6 7 11 12 16 17 18 19 23 24 28 30 31
30 16: 0 1 3 6 7 11 12 16 18 19 23 24 28 29 31 2
31 14: 0 1 3 6 7 11 12 16 17 19 23 24 28 29

39
0 4: 19 25 32 7
1 4: 4 20 30 38
2 7: 5 6 12 14 16 34 37
3 0: 
4 4: 20 30 38 11
5 9: 2 6 9 11 12 14 16 34 37
6 6: 2 9 12 16 34 37
7 1: 8
8 3: 7 5 18
9 5: 11 14 16 34 29
10 0: 
11 7: 2 5 9 14 34 37 8
12 8: 2 5 6 11 14 16 34 37
13 0: 
14 7: 2 6 9 11 16 34 37
15 6: 17 21 22 24 26 29
16 9: 2 5 6 9 11 12 14 37 33
17 9: 15 21 22 24 26 29 33 35 16
18 3: 4 20 38
19 4: 0 25 28 32
20 5: 1 4 18 30 38
21 6: 17 22 24 26 33 35
22 8: 15 17 21 26 29 33 35 9
23 3: 27 29 23
24 7: 15 17 21 22 26 29 33
25 3: 0 19 28
26 8: 15 17 21 22 24 29 35 28
27 1: 33
28 3: 0 19 25
29 7: 15 17 21 22 24 26 35
30 3: 4 18 38
31 2: 36 37
32 3: 0 25 28
33 6: 17 21 26 29 35 28
34 6: 5 6 9 11 12 16
35 7: 15 17 22 24 26 29 33
36 1: 31
37 9: 2 5 6 9 11 12 14 16 34
38 4: 4 18 20 30

26
0 6: 9 12 15 17 19 20
1 5: 2 10 11 20 22
2 4: 1 10 20 22
3 1: 14
4 0: 
5 7: 1 2 10 11 20 24 9
6 1: 9
7 5: 8 13 21 23 12
8 5: 7 13 16 21 23
9 7: 0 12 15 17 18 19 2
10 5: 1 2 11 22 19
11 4: 2 5 10 24
12 6: 0 9 15 17 18 19
13 2: 7 16
14 1: 10
15 5: 9 12 17 18 19
16 2: 7 23
17 4: 0 9 12 19
18 5: 0 9 12 15 19
19 6: 0 9 12 15 17 18
20 7: 2 5 10 11 22 24 2
21 4: 7 8 16 23
22 6: 1 5 10 11 24 24
23 5: 7 8 13 16 21
24 4: 2 5 11 22
25 0: 

