4
0 6 10 22 23 26
1 8 18 27
2 3 4 5 7 9 11 13 14 15 16 17 20 21 24 25 28
12 19

9
0 1 15 19
2
3 9
4
5
6 10 12 14 18
7 11 17
8
13 16

21
0
1 2 8 17 23
3 11
4
5 9 22 28
6
7 12
10
13
14
15 18
16
19
20
21
24
25 31
26
27
29
30

11
0 2 27
1 3 11
4 6 13
5 7 8 9 15 16 19 20 21 22
10 30 31
12 23 25
14 29 34
17 26 32 33
18
24
28

8
0 2 10 11
1 15 31
3 5 6 9 12 13 17 21 22 23 25 27 28 29 30 34
4 19 20 32
7 16 18
8 14 33
24
26

10
0 3 5 6 22 24
1 2 11 14 15 19
4 20 25
7 8 13 18
9
10
12
16
17 23
21

20
0 35
1
2 5 7 14 15 20 21 28 30 32 34
3
4 6 9 18 25
8
10
11
12
13
16
17
19
22
23
24
26
27
29 31
33

8
0
1 2 3 5 6 8 9 11 12 13 14 15 16 17 18 20 22 24 25 26 29 30
4
7 21 23
10
19
27
28

21
0
1 6 8 14 15 17 18 22 25 27 28
2
3
4 5 7
9 13
10 20
11 33 34
12
16
19 29
21 37
23
24
26
30
31
32
35
36
38

13
0 2 3 5 9 10 17 18 19 23 27 28
1
4 13 15 20
6
7
8
11
12 22 29
14
16 24
21
25
26

4
0 3 4 7 8 9 10 12 14 15 16 18 19 21 24 26 27 28 30 31 32 33 36 37
1 2 5 6 11 13 20 23 25 29 34 35
17
22

10
0 7 15 16
1 11 13 17 19
2
3 20 21 22
4 14 18
5
6
8 10
9
12

1
0 1 2 3 4 5 6 7 8 9 10 11 12 13 14 15 16 17 18 19 20 21 22 23 24

4
0 5 21 23
1 2 6 7 8 11 12 13 14 15 16 17 18 19 20 22
3 4
9 10

13
0 9 16 28
1 2 3 5 7 15 17 18 21 22 23 31 32 33
4
6 19 20 25 26
8
10 37
11 14 27
12
13
24 35
29 36
30
34

14
0 1 2 6 10 17 24 26 36
3 9
4 20 23 25 31 33
5 11 12 29
7 18
8 30 37
13
14 15 16
19
21
22 27 28
32
34
35

3
0 2 3 4 6 10 11 12 14 15 16 17 18 19 20 21 22 23 25 26 28 30 31 33 35
1 5 8 9 24 27 29 32
7 13 34

3
0 1 2 3 4 5 6 7 8 9 10 11 12 13 14 15 16 17 18 19 20 22 23 24 28 29 30 31
21 25 27
26

7
0 1 2 4 5 6 7 8 9 11 12 14 15 16 17 18 19 20 21 22 24 25 26 28 29 30 32 33 34 35 37 38
3
10
13
23
27
31 36

7
0 1 2 5 9 10 11 12 15 17 18 19 20 22 24
3
4
6
7 8 13 16 21 23
14
25

