I 18 0 0
I 53 1 0
I 32 2 0
I 57 9 1
I 72 3 0
I 133 3 1
I 54 17 1
I 7 1 0
I 146 12 0
I 87 5 0
I 52 3 0
I 57 4 0
I 2 0 1
I 105 18 1
I 36 5 0
I 113 0 2
I 64 34 3
I 137 27 0
I 66 36 0
I 37 16 2
I 136 38 0
I 7 34 0
I 130 9 0
I 65 45 3
I 124 0 3
I 125 38 1
I 54 45 2
I 105 18 1
I 100 28 0
I 33 40 0
I 122 27 1
I 11 41 0
I 6 64 0
I 101 25 0
I 54 42 0
I 63 3 0
I 134 68 0
I 85 93 0
I 66 83 0
I 77 34 0
I 6 64 0
I 137 55 0
I 68 73 1
I 37 22 0
I 98 36 0
I 47 71 0
I 60 14 1
I 17 13 0
I 58 24 0
I 91 69 0
I 144 26 0
I 47 71 0
I 50 60 0
I 29 58 1
I 72 59 0
I 45 81 0
I 60 14 1
I 135 65 0
I 116 53 0
I 39 12 0
I 136 58 0
I 83 108 0
I 0 87 0
I 139 113 0
I 112 141 0
I 3 61 0
I 108 63 0
I 29 120 0
I 12 109 0
I 127 114 0
I 148 182 0
I 99 185 0
I 106 25 0
I 45 29 0
I 56 115 0
I 121 189 0
I 148 182 0
I 73 126 0
I 40 38 0
I 31 160 0
I 22 91 0
I 103 72 0
I 120 85 0
I 59 66 0
I 90 139 0
I 9 156 0
I 98 81 0
I 137 96 0
I 114 158 0
I 57 28 0
I 136 162 1
I 97 168 0
I 16 187 0
I 3 61 0
I 48 171 0
I 23 25 1
I 42 55 0
I 61 106 0
I 4 165 1
I 117 132 0
Q 58 8 3
Q 67 -1 -1
Q 86 -1 -1
Q 141 -1 -1
Q 54 7 1
Q 147 -1 -1
Q 86 -1 -1
Q 125 18 10
Q 98 50 0
Q 91 78 1
Q 60 59 4
Q 75 -1 -1
Q 70 -1 -1
Q 33 67 1
Q 122 71 1
Q 1 -1 -1
Q 96 -1 -1
Q 21 -1 -1
Q 72 31 0
Q 21 -1 -1
Q 6 20 0
Q 77 55 0
Q 36 38 1
Q 23 69 7
Q 80 -1 -1
Q 37 13 0
Q 2 74 4
Q 131 -1 -1
Q 86 -1 -1
Q 127 69 2
Q 122 71 1
Q 39 64 1
Q 106 74 2
Q 73 30 4
Q 146 13 8
Q 23 69 7
Q 24 -1 -1
Q 97 51 0
Q 78 -1 -1
Q 145 -1 -1
Q 68 30 1
Q 67 -1 -1
Q 128 -1 -1
Q 141 -1 -1
Q 94 -1 -1
Q 31 40 0
Q 62 -1 -1
Q 55 -1 -1
Q 82 -1 -1
Q 5 -1 -1
Q 18 69 5
Q 43 -1 -1
Q 86 -1 -1
Q 99 23 1
Q 24 -1 -1
Q 85 0 4
Q 64 5 0
Q 3 47 0
Q 120 18 1
Q 77 55 0
Q 74 -1 -1
Q 111 -1 -1
Q 114 45 1
Q 135 40 3
Q 20 -1 -1
Q 101 76 0
Q 70 -1 -1
Q 19 -1 -1
Q 6 20 0
Q 49 -1 -1
Q 12 72 3
Q 77 55 0
Q 72 31 0
Q 61 58 1
Q 98 50 0
Q 15 -1 -1
Q 66 58 2
Q 35 -1 -1
Q 28 -1 -1
Q 103 48 1
Q 90 0 1
Q 19 -1 -1
Q 80 -1 -1
Q 135 40 3
Q 44 -1 -1
Q 59 7 2
Q 26 -1 -1
Q 33 67 1
Q 108 48 0
Q 91 78 1
Q 94 -1 -1
Q 27 -1 -1
Q 8 -1 -1
Q 137 14 1
Q 130 42 1
Q 117 71 3
Q 24 -1 -1
Q 119 -1 -1
Q 24 -1 -1
Q 125 18 10
