caso 0
6
33
34
6
6
6
6
8
8
8
34
6
77
8
4
8
20
8
8
8
4
6
8
8
6
8
6
6
8
6
20
6
4
4
6
20
8
20
6
20
34
4
4
81
20
20
20
4
27
27
20
27
6
26
6
4
20
27
20
27
27
43
6
4
29
4
20
6
27
4
26
6
115
20
20
20
6
4
20
27
20
52
112
4
27
4
29
20
20
17
17
4
17
22
27
27
4
27
103
20

caso 1
45
119
119
119
83
113
103
119
119
113
119
52
119
119
119
83
119
119
115
89
107
62
119
119
3
119
119
119
119
119
52
119
119
104
119
62
33
119
107
119
33
119
62
119
119
119
119
89
119
107
119
119
14
119
119
119
66
119
66
108
92
92
119
119
119
119
119
119
102
119
102
119
119
119
119
119
108
119
18
119
119
82
92
108
119
108
84
119
62
119
112
84
112
112
108
119
119
108
3
119

caso 2
1863
671
77
1500
205
319
424
96
205
413
1441
112
141
693
601
1760
1067
167
347
412
1448
1204
476
857
97
445
688
920
369
995
125
589
1135
495
141
1560
129
513
270
167
395
289
930
241
1259
1543
514
59
951
108
1056
274
1234
382
1528
79
331
91
524
732
159
227
422
1442
129
140
1097
389
141
428
477
855
1516
1487
906
172
341
132
790
412
542
304
820
26
571
34
1469
625
509
100
534
1130
365
108
335
196
557
901
707
558

