I 25 -1 -1
Q 307 -1
I 61 4 4
I 247 -1 -1
Q 17 -1
I 27 -1 -1
I 69 8 8
Q 255 4
I 57 5 5
Q 339 6
I 157 7 7
I 279 8 8
I 1 8 8
I 27 -1 -1
I 341 -1 -1
I 95 -1 -1
Q 201 -1
I 259 6 6
Q 365 -1
Q 119 -1
I 337 7 7
Q 59 -1
Q 309 -1
I 111 8 8
Q 169 -1
Q 35 5
Q 221 -1
I 279 -1 -1
Q 385 5
I 59 6 6
Q 37 2
Q 63 -1
Q 153 -1
Q 115 -1
Q 221 -1
I 7 8 8
I 193 -1 -1
Q 187 5
I 309 7 7
Q 319 4
I 233 6 6
Q 3 -1
I 141 7 7
Q 359 -1
Q 193 4
I 171 7 7
I 133 -1 -1
I 127 8 8
I 265 7 7
Q 3 -1
Q 125 5
Q 247 5
Q 1 8
I 379 -1 -1
I 149 7 7
I 271 8 8
I 105 7 7
I 83 7 7
Q 301 6
Q 183 -1
Q 33 6
I 363 7 7
Q 325 -1
Q 223 -1
I 105 -1 -1
Q 19 -1
I 189 -1 -1
Q 167 -1
I 113 9 7
Q 27 7
Q 181 -1
Q 399 -1
I 233 -1 -1
I 67 8 8
I 205 5 5
I 199 -1 -1
I 65 9 8
Q 267 -1
I 181 8 8
Q 319 4
Q 57 5
I 115 9 6
I 61 -1 -1
Q 183 -1
Q 241 -1
Q 139 -1
I 341 -1 -1
Q 271 8
I 73 8 8
Q 227 0
I 381 8 8
Q 343 6
Q 1 8
I 315 7 7
I 341 -1 -1
I 143 7 7
Q 201 -1
I 19 7 7
Q 205 4
Q 7 8
I 49 6 6
I 235 7 7
I 229 6 6
I 399 6 6
I 185 8 8
I 291 -1 -1
Q 189 3
I 343 -1 -1
I 305 8 8
I 59 -1 -1
Q 229 6
Q 335 -1
I 217 8 8
I 211 -1 -1
I 221 8 8
Q 231 5
Q 49 6
I 43 7 7
I 37 -1 -1
Q 31 -1
I 329 7 7
I 51 7 7
Q 317 -1
I 7 -1 -1
Q 193 7
Q 267 -1
I 341 -1 -1
Q 303 -1
Q 393 -1
I 147 8 8
Q 333 6
Q 135 -1
I 209 8 8
Q 315 7
Q 21 -1
I 159 8 8
Q 57 5
Q 163 -1
I 173 -1 -1
I 247 -1 -1
I 225 -1 -1
I 315 -1 -1
Q 357 -1
Q 367 -1
Q 313 -1
I 35 -1 -1
Q 189 3
I 103 7 7
I 241 5 5
Q 107 -1
I 325 8 8
Q 303 -1
I 233 -1 -1
I 147 -1 -1
Q 93 -1
I 151 8 8
I 225 -1 -1
I 395 7 7
Q 21 -1
Q 207 -1
Q 361 -1
Q 259 6
I 365 8 8
I 87 8 8
I 321 9 8
Q 299 2
I 53 5 5
I 239 6 6
Q 121 -1
Q 291 7
Q 45 -1
I 103 -1 -1
Q 161 -1
I 219 -1 -1
I 261 7 7
Q 31 -1
I 25 -1 -1
I 259 -1 -1
Q 61 4
I 343 -1 -1
I 65 -1 -1
Q 379 7
Q 5 7
I 159 -1 -1
I 185 -1 -1
Q 339 6
I 221 -1 -1
Q 375 -1
I 353 8 8
I 203 8 8
I 85 -1 -1
I 287 8 8
Q 201 -1
Q 35 5
I 13 7 7
Q 215 -1
Q 145 -1
I 251 5 5
I 245 6 6
I 319 -1 -1
Q 89 -1
I 115 -1 -1
I 333 -1 -1
I 23 8 8
I 273 7 7
Q 187 7
Q 69 5
I 367 9 7
I 377 8 8
I 67 -1 -1
I 173 -1 -1
Q 231 5
I 81 -1 -1
I 331 9 9
Q 213 -1
I 399 -1 -1
Q 105 7
Q 83 7
I 333 -1 -1
I 103 -1 -1
I 145 8 8
Q 219 7
Q 277 1
Q 95 7
I 345 8 8
I 83 -1 -1
Q 125 7
Q 103 7
Q 353 6
I 155 8 8
Q 133 5
Q 319 4
I 297 -1 -1
Q 195 -1
Q 285 -1
Q 247 5
I 145 -1 -1
I 363 -1 -1
I 133 -1 -1
Q 143 7
I 201 9 9
Q 387 -1
Q 173 4
I 151 -1 -1
Q 289 -1
I 363 -1 -1
I 101 8 8
Q 239 6
I 137 8 8
I 147 -1 -1
Q 189 3
I 87 -1 -1
I 1 -1 -1
Q 395 6
Q 53 5
Q 111 5
I 41 8 8
I 35 -1 -1
I 61 -1 -1
I 263 8 8
I 257 7 7
Q 315 7
Q 293 -1
Q 63 -1
I 201 -1 -1
I 19 -1 -1
Q 269 -1
Q 39 6
Q 289 -1
Q 11 4
I 325 -1 -1
Q 351 7
I 265 -1 -1
I 355 8 8
I 141 -1 -1
I 327 9 9
I 97 8 8
Q 187 7
Q 357 -1
I 31 8 8
I 57 -1 -1
I 35 -1 -1
Q 173 4
I 7 -1 -1
Q 145 8
I 11 -1 -1
I 309 -1 -1
Q 239 6
Q 169 -1
I 339 -1 -1
I 13 -1 -1
I 119 7 7
Q 385 7
I 267 9 9
Q 117 -1
Q 223 -1
I 281 9 9
I 99 9 9
Q 381 5
Q 87 8
Q 145 8
I 315 -1 -1
I 245 -1 -1
Q 207 -1
I 57 -1 -1
Q 243 -1
I 381 -1 -1
I 103 -1 -1
Q 353 6
I 155 -1 -1
Q 277 1
Q 351 7
Q 153 -1
Q 67 6
I 397 8 8
I 359 9 9
Q 225 6
I 363 -1 -1
I 149 -1 -1
I 207 8 8
Q 329 8
I 83 -1 -1
Q 397 8
Q 231 5
Q 289 -1
I 267 -1 -1
Q 21 -1
Q 175 7
Q 249 2
Q 371 -1
I 349 -1 -1
I 103 -1 -1
Q 273 7
I 299 -1 -1
Q 117 -1
I 351 -1 -1
I 89 9 9
Q 243 -1
Q 221 8
I 247 -1 -1
Q 225 6
Q 139 -1
I 5 -1 -1
Q 191 -1
I 249 -1 -1
Q 195 -1
Q 93 -1
Q 375 -1
I 17 8 8
Q 283 -1
Q 117 -1
I 271 -1 -1
I 345 -1 -1
Q 67 6
I 253 6 6
I 183 9 9
Q 49 6
Q 203 8
I 357 10 8
Q 31 8
Q 233 6
I 195 8 8
I 13 -1 -1
I 23 -1 -1
I 353 -1 -1
I 395 -1 -1
Q 293 -1
I 351 -1 -1
I 105 -1 -1
Q 371 -1
Q 13 7
Q 55 3
Q 1 8
Q 331 9
Q 85 5
I 175 -1 -1
Q 89 9
I 291 -1 -1
Q 221 8
I 295 5 5
I 17 -1 -1
Q 123 -1
Q 373 -1
Q 207 8
Q 73 8
Q 227 0
I 349 -1 -1
I 279 -1 -1
Q 273 7
Q 283 -1
Q 85 5
Q 31 8
Q 297 4
I 163 8 8
I 349 -1 -1
Q 119 7
Q 1 8
I 171 -1 -1
I 149 -1 -1
Q 95 7
I 265 -1 -1
Q 275 3
I 333 -1 -1
Q 151 8
I 305 -1 -1
I 155 -1 -1
I 309 -1 -1
I 255 -1 -1
I 345 -1 -1
I 259 -1 -1
I 365 -1 -1
I 7 -1 -1
I 49 -1 -1
I 59 -1 -1
I 5 -1 -1
Q 319 4
Q 89 9
I 115 -1 -1
I 173 -1 -1
I 55 -1 -1
Q 289 -1
Q 139 -1
Q 101 8
I 31 -1 -1
I 121 8 8
I 83 -1 -1
Q 253 6
I 167 9 9
Q 257 7
Q 219 7
Q 85 5
I 207 -1 -1
I 57 -1 -1
Q 115 6
I 189 -1 -1
I 71 9 9
I 273 -1 -1
I 155 -1 -1
I 277 -1 -1
Q 95 7
Q 313 -1
Q 19 7
I 237 8 8
I 103 -1 -1
Q 65 7
Q 299 2
Q 325 7
I 239 -1 -1
I 89 -1 -1
I 211 -1 -1
I 141 -1 -1
I 167 -1 -1
Q 353 6
I 331 -1 -1
I 325 -1 -1
I 319 -1 -1
Q 313 -1
Q 195 8
I 349 -1 -1
Q 391 -1
Q 273 7
Q 251 5
I 325 -1 -1
I 223 9 9
I 201 -1 -1
I 195 -1 -1
I 109 8 8
Q 391 -1
I 273 -1 -1
Q 107 -1
Q 21 -1
Q 303 -1
I 9 -1 -1
Q 19 7
Q 269 -1
Q 311 -1
I 129 7 7
Q 59 6
I 69 -1 -1
I 319 -1 -1
Q 9 5
Q 323 -1
Q 397 8
I 295 -1 -1
Q 241 5
Q 43 7
Q 5 7
I 399 -1 -1
Q 105 7
Q 355 9
I 285 8 8
Q 327 9
Q 337 7
I 11 -1 -1
I 117 8 8
I 111 -1 -1
Q 233 6
Q 323 -1
I 141 -1 -1
Q 7 8
